[ -31.60417114    0.            5.          510.            1.        ]
[  -8.33403411    0.            6.          421.            1.        ]
[   1.12217756    0.            9.          106.            1.        ]
[   0.94581434    0.           26.          362.            1.        ]
[  2.45970261   0.          11.          35.           1.        ]
[  0.52987523   0.          10.          85.           1.        ]
[   1.21629397    0.           11.          353.            1.        ]
[  3.29093634e-01   0.00000000e+00   1.10000000e+01   3.75000000e+02
   1.00000000e+00]
[ -0.35699204   0.          14.          16.           3.        ]
[  -0.97959986    0.           14.          311.            1.        ]
[  4.50693922e-01   0.00000000e+00   1.40000000e+01   4.60000000e+02
   1.00000000e+00]
[   0.41088268    0.           16.          137.            1.        ]
[  1.66546801   0.          18.          72.           1.        ]
[   1.61136864    0.           18.          103.            1.        ]
[ -0.60231125   0.           9.          91.           1.        ]
[  -0.87587847    0.           19.          305.            1.        ]
[  -1.1912914    0.          19.         320.           1.       ]
[  -0.53942488    0.           20.          377.            1.        ]
[ -3.32576672e-01   0.00000000e+00   2.00000000e+01   4.01000000e+02
   1.00000000e+00]
[  -0.84833034    0.           51.          128.            1.        ]
[  -0.82807942    0.           21.          216.            1.        ]
[  -0.79479569    0.           21.          266.            1.        ]
[ -3.17912993e-01   0.00000000e+00   2.10000000e+01   4.60000000e+02
   1.00000000e+00]
[  -1.0691433    0.          22.         249.           1.       ]
[  -0.69536457    0.           22.          365.            1.        ]
[  -1.19267183    0.           23.          209.            1.        ]
[   4.50474129    0.           20.          344.            1.        ]
[ -6.64573985   0.          24.          61.           1.        ]
[  -0.5007536    0.          23.         177.           1.       ]
[  -0.66209385    0.           24.          370.            1.        ]
[   4.47694368    0.           24.          413.            1.        ]
[   0.68790966    0.           41.          136.            1.        ]
[   0.49849128    0.           25.          189.            1.        ]
[  -0.75741558    0.           21.          197.            1.        ]
[   1.27501978    0.           28.          104.            1.        ]
[  -0.38330279    0.           26.          142.            1.        ]
[   0.47826359    0.           27.          392.            1.        ]
[ -3.18010141e-01   0.00000000e+00   3.20000000e+01   4.09000000e+02
   1.00000000e+00]
[  -1.55929961    0.           28.          315.            1.        ]
[  -0.63348504    0.           44.          365.            1.        ]
[  2.1952265   0.         29.         71.          1.       ]
[  -0.78568254    0.           29.          263.            1.        ]
[   1.35918174    0.           30.          498.            1.        ]
[  -0.33923139    0.           33.          281.            1.        ]
[ -0.82971371   0.          34.          87.           1.        ]
[  0.68788684   0.          35.           9.           1.        ]
[  0.46273191   0.          19.          42.           2.        ]
[  -1.08124391    0.           36.          227.            1.        ]
[  -0.74341896    0.           40.          147.            1.        ]
[ -6.65337493   0.          38.          61.           1.        ]
[   2.67593958    0.           32.          326.            1.        ]
[  -0.59915301    0.           38.          378.            1.        ]
[  -0.99387812    0.           40.          320.            1.        ]
[   2.52114967    0.           40.          486.            1.        ]
[   0.87293605    0.           42.          120.            3.        ]
[  -1.3167889    0.          42.         401.           1.       ]
[  2.06093534   0.          42.          71.           1.        ]
[  -1.18668471    0.           42.          258.            1.        ]
[   0.30990775    0.           43.          176.            1.        ]
[  1.86336313   0.          44.          75.           1.        ]
[   0.54001366    0.           44.          134.            1.        ]
[  -1.44754993    0.           43.          418.            1.        ]
[  -1.06456869    0.           40.          319.            1.        ]
[  -0.63925585    0.           47.          266.            1.        ]
[  -0.68027195    0.           49.          180.            1.        ]
[  -0.5164508    0.          49.         365.           1.       ]
[  -2.04089804    0.           49.          494.            1.        ]
[   1.08628179    0.           29.          109.            2.        ]
[  0.53295072   0.          52.          46.           1.        ]
[   0.67030633    0.           52.          124.            1.        ]
[   1.95305763    0.           52.          477.            1.        ]
[  -0.63719516    0.           53.          161.            1.        ]
[   3.51676321    0.           53.          333.            1.        ]
[   0.43064481    0.           50.          345.            1.        ]
[  -0.46359546    0.           55.          148.            1.        ]
[  -1.23878916    0.           50.          306.            1.        ]
[  -0.59428442    0.           56.          131.            1.        ]
[  -1.25040256    0.           56.          306.            1.        ]
[   3.22992863    0.           57.          168.            1.        ]
[  -1.31030202    0.           45.          317.            1.        ]
[  1.43062364   0.          58.          71.           1.        ]
[  -1.41124336    0.           49.          191.            1.        ]
[  -1.58729458    0.           59.          285.            1.        ]
[   1.03983168    0.           54.          206.            1.        ]
[   1.91498345    0.           60.          241.            1.        ]
[  -0.44466469    0.           61.          395.            1.        ]
[   5.43653279    0.           67.          435.            1.        ]
[   1.59767413    0.           61.          470.            1.        ]
[  -0.49169713    0.           62.          149.            1.        ]
[   1.83823566    0.           63.          232.            1.        ]
[ -37.08781089    0.           72.          448.            1.        ]
[  -9.75391805    0.           64.          510.            1.        ]
[  -1.27147807    0.           63.          380.            3.        ]
[  -1.85016436    0.           66.          294.            1.        ]
[   6.00652495    0.           66.          437.            1.        ]
[   0.74423899    0.           67.          418.            1.        ]
[   1.11338599    0.           68.          110.            1.        ]
[   1.28033221    0.           68.          259.            1.        ]
[   1.81225775    0.           69.          184.            1.        ]
[   1.55675442    0.           69.          197.            1.        ]
[   0.48944227    0.           79.          435.            1.        ]
[   1.7301082    0.          69.         463.           1.       ]
[  7.92328502   0.          71.          26.           1.        ]
[   1.39198528    0.           72.          215.            1.        ]
[   0.79679557    0.           73.          389.            1.        ]
[   2.51479194    0.           74.          149.            1.        ]
[  11.40955941    0.           74.          292.            1.        ]
[  -1.39026609    0.           75.          322.            1.        ]
[   4.79908054    0.           75.          334.            1.        ]
[   1.21268752    0.           78.          136.            1.        ]
[   0.66190218    0.           77.          134.            1.        ]
[  -1.7490282    0.          77.         310.           1.       ]
[  -0.92041318    0.           77.          396.            1.        ]
[  -1.13055212    0.           76.          485.            1.        ]
[   2.81826496    0.           78.          230.            1.        ]
[   1.9943919    0.          78.         457.           1.       ]
[   2.13179175    0.           80.          165.            1.        ]
[   1.16258878    0.           80.          175.            1.        ]
[  2.48633764   0.          83.          71.           1.        ]
[ -21.00979737    0.           57.          468.            1.        ]
[   6.44328024    0.           83.          479.            2.        ]
[   2.45675409    0.           85.          220.            1.        ]
[  -2.92632358    0.           86.          246.            1.        ]
[  -0.53823849    0.           86.          398.            1.        ]
[   1.66847153    0.           87.          210.            1.        ]
[  1.08396061   0.          74.          13.           1.        ]
[   0.87868899    0.           88.          124.            1.        ]
[   1.77615217    0.           88.          468.            1.        ]
[ -6.87910383   0.          89.          61.           1.        ]
[   1.22053971    0.          198.           45.            1.        ]
[  -1.1855767    0.          89.         175.           1.       ]
[   2.18779509    0.           89.          185.            1.        ]
[   1.35734512    0.           89.          421.            1.        ]
[  -1.02349676    0.           90.          276.            1.        ]
[  -1.51773785    0.           90.          320.            1.        ]
[  2.47456229   0.          92.          71.           1.        ]
[   2.1120664    0.          92.         192.           1.       ]
[   4.79592588    0.           87.          342.            1.        ]
[  -1.8546627    0.          92.         458.           1.       ]
[  -3.19692586    0.          137.          217.            2.        ]
[   5.51657764    0.          103.          382.            1.        ]
[ -10.88371917    0.           94.          366.            1.        ]
[   2.82025989    0.           96.          178.            1.        ]
[   1.17460251    0.           97.          109.            1.        ]
[ -6.53225557   0.          98.          61.           1.        ]
[   0.65022647    0.          101.          123.            3.        ]
[  -2.02888937    0.           98.          210.            1.        ]
[  1.1121792   0.         99.          8.          1.       ]
[   1.01690005    0.           99.          199.            1.        ]
[   0.41848229    0.          100.           94.            1.        ]
[   0.59501064    0.          100.          156.            1.        ]
[   0.96328722    0.          102.          416.            1.        ]
[   2.53984746    0.          100.          438.            1.        ]
[  -2.02961474    0.          101.          255.            1.        ]
[   3.21905098    0.          100.          499.            1.        ]
[   6.72074065    0.          104.           58.            1.        ]
[  -0.9816133    0.          95.         238.           1.       ]
[   1.142499    0.        107.        254.          1.      ]
[   3.7113572    0.         102.         381.           1.       ]
[  -1.30819472    0.          102.          451.            1.        ]
[  1.99829802   0.          93.          58.           1.        ]
[   0.49124484    0.          106.           84.            1.        ]
[  -0.59569437    0.          106.          299.            1.        ]
[  -1.82578941    0.          108.          189.            1.        ]
[   1.43445669    0.           83.          118.            1.        ]
[   1.88494201    0.          109.          257.            1.        ]
[  -0.96798588    0.          109.          291.            1.        ]
[   2.34078898    0.          110.          177.            1.        ]
[  11.61456462    0.          112.          408.            1.        ]
[  -0.93153714    0.          112.           16.            1.        ]
[  12.93347024    0.          113.          216.            1.        ]
[  19.53089514    0.          113.          476.            1.        ]
[  -1.09043345    0.          114.          118.            1.        ]
[  -4.43445593    0.          114.          201.            1.        ]
[  -1.58958746    0.          115.          228.            1.        ]
[ -12.55376466    0.          118.          152.            3.        ]
[  -1.5351644    0.         116.         274.           1.       ]
[ -14.40899949    0.          116.          325.            1.        ]
[   1.61038201    0.          117.          160.            1.        ]
[  -2.59032878    0.          118.          223.            1.        ]
[  -2.38728549    0.          119.          179.            1.        ]
[   0.79538655    0.          122.           11.            1.        ]
[  15.04927935    0.          107.          108.            1.        ]
[  12.47183257    0.          121.          205.            1.        ]
[  -0.86483486    0.          122.          448.            1.        ]
[  -2.21105112    0.          123.          215.            1.        ]
[ -11.8440685    0.         123.         366.           1.       ]
[   1.29063093    0.          124.          111.            1.        ]
[  -1.83424899    0.          124.          260.            1.        ]
[   1.81293153    0.          151.          277.            3.        ]
[  -1.83519937    0.          124.          404.            1.        ]
[  -1.92919851    0.          125.          170.            1.        ]
[   3.20315111    0.          121.           68.            2.        ]
[   1.20473975    0.          126.          103.            1.        ]
[   2.1614766    0.         127.         222.           1.       ]
[   1.13897707    0.          128.            9.            1.        ]
[   2.35160354    0.          128.          154.            1.        ]
[  -2.62875128    0.          129.          396.            1.        ]
[  -2.63908566    0.          131.          250.            1.        ]
[  -3.31933535    0.          132.          183.            1.        ]
[  -2.76087273    0.          133.          202.            1.        ]
[   2.34276088    0.          133.          217.            1.        ]
[  -1.20218581    0.          133.          273.            1.        ]
[   9.88998757    0.          163.           19.            2.        ]
[  -0.71938498    0.          136.           96.            1.        ]
[  -2.53339931    0.          136.          243.            1.        ]
[  -1.73357144    0.          137.          437.            1.        ]
[  -6.63894448    0.          139.          340.            1.        ]
[   0.87185487    0.          140.          103.            1.        ]
[  -3.24115901    0.          138.          196.            2.        ]
[  -1.35392383    0.          141.          259.            1.        ]
[ -3.86821393e-01   0.00000000e+00   1.57000000e+02   4.86000000e+02
   1.00000000e+00]
[   1.75696188    0.          142.          152.            1.        ]
[  -0.49066866    0.          143.           94.            1.        ]
[  -1.83170513    0.          145.          192.            2.        ]
[   0.68435878    0.          143.          388.            1.        ]
[  -3.55877965    0.          203.          266.            3.        ]
[  -1.44819547    0.          145.          374.            1.        ]
[  -1.37774106    0.          146.          434.            1.        ]
[  -7.82628412    0.          147.           60.            1.        ]
[   2.93168386    0.          147.          358.            1.        ]
[  -0.38096387    0.          148.           89.            1.        ]
[   2.29455597    0.          148.          218.            1.        ]
[  -3.00567311    0.          148.          328.            1.        ]
[  -2.49034856    0.          150.          188.            1.        ]
[   2.82201719    0.          151.          466.            1.        ]
[  -2.9597525    0.         152.         322.           1.       ]
[   1.31452891    0.          153.          367.            2.        ]
[  -1.70028777    0.          128.          275.            1.        ]
[ -31.76487939    0.          150.          413.            1.        ]
[  18.77154852    0.          155.          450.            1.        ]
[   6.6143129    0.         157.         166.           1.       ]
[  -3.81404567    0.          157.          181.            1.        ]
[  -1.25597391    0.          157.          266.            1.        ]
[  -0.68653361    0.          137.           72.            1.        ]
[  -3.52641237    0.          158.          312.            1.        ]
[   0.60689781    0.          170.          103.            1.        ]
[  -3.56314487    0.          162.          142.            1.        ]
[  -3.02962509    0.          161.          292.            1.        ]
[   4.9386576    0.         161.         319.           1.       ]
[  -1.56294616    0.          155.           99.            2.        ]
[  -2.12554585    0.          162.          255.            1.        ]
[   6.42737831    0.          162.          403.            1.        ]
[  -0.45594992    0.          151.           90.            2.        ]
[  -2.42146758    0.          163.          302.            1.        ]
[   1.80616039    0.          163.          358.            1.        ]
[ -29.4805704    0.         155.         438.           1.       ]
[  -0.87908276    0.          164.          471.            1.        ]
[ -4.84123746e-01   0.00000000e+00   1.64000000e+02   4.90000000e+02
   1.00000000e+00]
[  17.13278276    0.          199.          130.            1.        ]
[  -5.44388074    0.          167.          247.            1.        ]
[  -3.02060893    0.          170.          189.            1.        ]
[  -6.76989819    0.          171.          217.            1.        ]
[  -8.06131605    0.          171.          234.            1.        ]
[  -1.28442234    0.          171.          326.            1.        ]
[  -2.95136457    0.          172.          128.            1.        ]
[   3.94922109    0.          164.          315.            1.        ]
[  -0.79542015    0.          172.          421.            1.        ]
[  17.2686718    0.         150.         110.           1.       ]
[  15.13294423    0.          177.          463.            1.        ]
[   5.80422347    0.          175.           28.            1.        ]
[  -2.88878655    0.          175.          163.            1.        ]
[ -17.30684939    0.          175.          280.            1.        ]
[  -6.70124528    0.          184.           45.            1.        ]
[  -5.03400256    0.          167.          208.            2.        ]
[  -5.24625455    0.          177.          224.            1.        ]
[ -12.40438798    0.          180.          248.            1.        ]
[  23.73061033    0.          181.          289.            1.        ]
[   2.60213258    0.          182.           72.            1.        ]
[  -1.34302635    0.          183.          110.            1.        ]
[   5.29322663    0.          183.          164.            1.        ]
[ -26.06048649    0.          186.          369.            2.        ]
[ -3.76761350e-01   0.00000000e+00   1.63000000e+02   4.73000000e+02
   1.00000000e+00]
[  -8.82044246    0.          184.           61.            1.        ]
[  -4.53393729    0.          184.          204.            1.        ]
[  -8.49781319    0.          185.          134.            1.        ]
[ -10.69240916    0.          185.          231.            1.        ]
[  -0.77174516    0.          185.          325.            1.        ]
[  -0.66865179    0.          186.           10.            1.        ]
[   1.67358657    0.          186.          181.            1.        ]
[  -1.50893545    0.          186.          307.            1.        ]
[   1.89413657    0.          187.          194.            1.        ]
[   0.58416908    0.          188.          335.            1.        ]
[  13.29941688    0.          126.          392.            2.        ]
[  10.56178123    0.          190.          289.            1.        ]
[   4.58534553    0.          196.           11.            1.        ]
[  23.70210561    0.          191.          277.            1.        ]
[   1.99770261    0.          191.          419.            1.        ]
[  -1.55011599    0.          192.          310.            1.        ]
[ -3.64579041e-01   0.00000000e+00   1.92000000e+02   4.82000000e+02
   1.00000000e+00]
[ -11.13460353    0.          224.          109.            2.        ]
[  -6.46613715    0.          193.          148.            1.        ]
[ -11.00842288    0.          194.          242.            1.        ]
[   5.6849847    0.         197.         356.           1.       ]
[  -4.09655352    0.          198.          161.            1.        ]
[  -7.12827028    0.          199.          254.            1.        ]
[   4.99601593    0.          207.          338.            3.        ]
[  -0.57464749    0.          200.          458.            1.        ]
[  12.28158696    0.          201.          276.            1.        ]
[   1.49485884    0.          129.           70.            3.        ]
[   1.31410288    0.          199.          173.            2.        ]
[   1.8439457    0.         202.         315.           1.       ]
[  3.34306119e-01   0.00000000e+00   2.02000000e+02   4.85000000e+02
   1.00000000e+00]
[   1.16722704    0.          204.          107.            1.        ]
[ -3.21045869e-01   0.00000000e+00   2.09000000e+02   4.86000000e+02
   2.00000000e+00]
[  -1.80872866    0.          205.          301.            1.        ]
[   2.43747113    0.          205.          389.            1.        ]
[ -3.62589166e-01   0.00000000e+00   2.05000000e+02   4.69000000e+02
   1.00000000e+00]
[  -0.75394838    0.          206.           35.            3.        ]
[  -2.8986029    0.         206.         155.           1.       ]
[   1.57273985    0.          206.          308.            1.        ]
[   6.68095016    0.          206.          361.            1.        ]
[   6.13255513    0.          183.          226.            3.        ]
[ -3.86373754e-01   0.00000000e+00   2.08000000e+02   4.91000000e+02
   1.00000000e+00]
[  -3.22039306    0.          185.          282.            2.        ]
[  -0.55674342    0.          210.          446.            1.        ]
[  -3.74611431    0.          211.          244.            1.        ]
[   0.44262308    0.          192.           87.            3.        ]
[  -1.18351519    0.          214.           18.            1.        ]
[  -1.1269796    0.         214.         121.           1.       ]
[ -11.6295372    0.         214.         185.           1.       ]
[  17.81186488    0.          215.          130.            1.        ]
[ -3.82098335e-01   0.00000000e+00   2.18000000e+02   4.72000000e+02
   1.00000000e+00]
[ -4.66351544e-01   0.00000000e+00   2.15000000e+02   4.84000000e+02
   1.00000000e+00]
[ -12.54801269    0.          226.          362.            2.        ]
[   1.80249284    0.          216.          382.            1.        ]
[  -1.08299263    0.          219.           12.            1.        ]
[   2.86930025    0.          219.          200.            1.        ]
[  12.61459251    0.          220.          254.            1.        ]
[   2.01738245    0.          220.          287.            1.        ]
[   1.74493904    0.          220.          326.            1.        ]
[   1.73957798    0.          221.          382.            1.        ]
[  -2.680033    0.        222.        399.          1.      ]
[  -1.83862282    0.          223.          453.            1.        ]
[   0.74593351    0.          224.           88.            1.        ]
[  -8.71192901    0.          225.           62.            1.        ]
[   4.14389496    0.          225.          108.            1.        ]
[   1.5399824    0.         225.         389.           1.       ]
[   1.13383454    0.          227.          397.            1.        ]
[   5.36537482    0.          233.          416.            1.        ]
[   2.97415601    0.          228.           73.            1.        ]
[   3.86191948    0.          229.          215.            1.        ]
[  17.79381068    0.          252.          443.            3.        ]
[  -1.53124537    0.          229.          470.            1.        ]
[  -1.301272    0.        230.         18.          1.      ]
[  -2.2459689    0.         230.         256.           2.       ]
[   1.12897227    0.          230.          381.            1.        ]
[   5.05763716    0.          247.          409.            1.        ]
[ -13.84400766    0.          232.          139.            1.        ]
[  -5.89632718    0.          229.          223.            1.        ]
[  -2.80948452    0.          232.          395.            1.        ]
[   3.82819899    0.          234.          147.            1.        ]
[  -3.5098283    0.         234.         258.           1.       ]
[   1.48739391    0.          234.          453.            1.        ]
[   0.44718877    0.          235.           90.            1.        ]
[   5.49213352    0.          239.          186.            1.        ]
[   2.6230937    0.         252.         199.           1.       ]
[   0.71516538    0.          239.          471.            1.        ]
[   1.19242281    0.          241.          384.            1.        ]
[  -8.30885125    0.          222.          194.            3.        ]
[ -11.96824363    0.          243.          156.            1.        ]
[  13.63322347    0.          234.          229.            3.        ]
[  -0.76576121    0.          243.          433.            1.        ]
[ -22.59356886    0.          245.          343.            1.        ]
[   1.25466995    0.          245.          483.            1.        ]
[   6.83563128    0.          384.          164.            3.        ]
[ -15.399569    0.        247.        131.          1.      ]
[   5.76445864    0.          246.          250.            1.        ]
[   5.52476624    0.          261.          381.            3.        ]
[  -1.37591028    0.          247.          460.            1.        ]
[   1.91700155    0.          268.           69.            1.        ]
[  16.59051429    0.          250.          139.            1.        ]
[   0.86703847    0.          263.          387.            3.        ]
[  -6.84996487    0.          253.          212.            1.        ]
[  -0.9613465    0.         253.         428.           1.       ]
[ -13.80191203    0.          254.          266.            1.        ]
[ -15.44296134    0.          254.          275.            1.        ]
[   8.8677027    0.         254.         291.           1.       ]
[   6.52559733    0.          256.          154.            1.        ]
[  -0.54537198    0.          261.          438.            1.        ]
[ -18.19358998    0.          259.          137.            1.        ]
[  -0.91590551    0.          259.          428.            1.        ]
[  -2.78704044    0.          260.           19.            1.        ]
[  -0.85839389    0.          260.           88.            1.        ]
[  -2.77187077    0.          288.          476.            3.        ]
[  -1.33738908    0.          265.           99.            1.        ]
[  16.96576037    0.          262.          405.            1.        ]
[   4.69285514    0.          263.          230.            1.        ]
[  -2.08891472    0.          265.          494.            1.        ]
[ -17.89178013    0.          266.          130.            1.        ]
[  14.33060072    0.          268.          356.            1.        ]
[   0.78094969    0.          256.          145.            1.        ]
[ -10.60221625    0.          281.          401.            1.        ]
[   0.61499402    0.          269.           45.            1.        ]
[   3.27222291    0.          269.           72.            1.        ]
[   3.25708455    0.          264.          415.            1.        ]
[  -1.04180209    0.          269.          428.            1.        ]
[   7.97772444    0.          275.          308.            1.        ]
[  17.43426652    0.          270.          332.            1.        ]
[  -6.83740173    0.          271.           95.            1.        ]
[  11.20454458    0.          271.          254.            1.        ]
[ -12.77016529    0.          271.          279.            1.        ]
[   2.98978172    0.          271.          295.            1.        ]
[  19.68251026    0.          272.          106.            1.        ]
[  16.25316236    0.          273.          401.            1.        ]
[ -31.40563735    0.          274.          119.            1.        ]
[ -19.77521536    0.          286.          334.            1.        ]
[  -1.7612038    0.         274.         477.           1.       ]
[  -7.62120024    0.          275.          139.            1.        ]
[   1.39709131    0.          277.          390.            1.        ]
[  18.12798349    0.          278.           97.            1.        ]
[ -12.33089519    0.          281.          104.            1.        ]
[   4.29206622    0.          281.          340.            1.        ]
[  -0.54132787    0.          281.          425.            1.        ]
[ -10.242025    0.        282.        170.          1.      ]
[  18.99689305    0.          272.          212.            1.        ]
[   3.12570888    0.          283.          357.            1.        ]
[  -3.76563712    0.          294.           42.            1.        ]
[  11.3574811    0.         284.         125.           1.       ]
[   5.2996223    0.         284.         232.           1.       ]
[   4.2576074    0.         282.         406.           1.       ]
[   5.63627853    0.          285.          147.            1.        ]
[  -0.56180007    0.          287.          417.            1.        ]
[   5.64635628    0.          288.           89.            1.        ]
[  14.52491633    0.          300.          207.            1.        ]
[   4.8505325    0.         282.          89.           3.       ]
[  -0.78380446    0.          291.          491.            1.        ]
[   9.53966009    0.          306.           58.            1.        ]
[  -9.54026446    0.          289.           39.            1.        ]
[ -15.2218753    0.         306.          97.           3.       ]
[  12.90246322    0.          289.          199.            1.        ]
[  17.26593807    0.          312.          192.            1.        ]
[ -15.0940816    0.         288.         343.           1.       ]
[   4.87391798    0.          295.          120.            1.        ]
[  12.30455762    0.          296.          291.            2.        ]
[  -1.03522659    0.          295.          185.            1.        ]
[  -2.55427956    0.          305.           23.            1.        ]
[   5.72046178    0.          297.          111.            1.        ]
[   7.56811656    0.          304.          221.            1.        ]
[  -0.5541776    0.         297.         430.           1.       ]
[  -2.57037606    0.          299.          330.            1.        ]
[  -1.91122182    0.          298.          459.            1.        ]
[  -2.90947549    0.          300.          294.            1.        ]
[   1.41546852    0.          301.          248.            1.        ]
[   4.45236839    0.          303.          399.            1.        ]
[  -0.62750352    0.          298.          423.            2.        ]
[  -1.80207513    0.          303.          268.            1.        ]
[ -14.62859723    0.          294.          321.            1.        ]
[  -2.51257544    0.          302.          331.            1.        ]
[   3.55886838    0.          304.          356.            1.        ]
[  -1.49411372    0.          304.          408.            1.        ]
[   6.55858258    0.          305.           81.            1.        ]
[  11.33158331    0.          305.          121.            1.        ]
[  17.54154301    0.          297.          168.            2.        ]
[  -8.4832793    0.         323.          52.           2.       ]
[   5.12837773    0.          302.           55.            1.        ]
[  10.82720452    0.          356.          405.            1.        ]
[  -6.97323842    0.          308.          104.            1.        ]
[  -3.10502979    0.          308.          141.            1.        ]
[   7.82260561    0.          308.          153.            1.        ]
[   1.30697577    0.          309.          241.            1.        ]
[  -3.22085935    0.          293.           38.            1.        ]
[   0.66753146    0.          326.           57.            2.        ]
[  -9.01070446    0.          311.          131.            1.        ]
[  -0.62306203    0.          311.          420.            1.        ]
[   2.51536289    0.          296.          499.            2.        ]
[ -22.09687765    0.          312.          174.            1.        ]
[  -2.78235765    0.          312.           19.            1.        ]
[ -10.33107117    0.          307.           94.            1.        ]
[  -4.64326027    0.          314.          283.            1.        ]
[   8.32557897    0.          314.          311.            1.        ]
[   7.95067396    0.          315.           72.            1.        ]
[   0.46436478    0.          317.          260.            1.        ]
[ -14.17432628    0.          319.          378.            1.        ]
[  -1.70598544    0.          312.          467.            1.        ]
[   5.23336729    0.          320.           95.            1.        ]
[   6.46289372    0.          322.          259.            1.        ]
[   3.19730897    0.          307.          366.            1.        ]
[  14.3064664    0.         321.          28.           1.       ]
[   1.28199299    0.          321.          241.            1.        ]
[   0.55303586    0.          353.          240.            1.        ]
[  -0.9074493    0.         321.         439.           1.       ]
[   0.86982473    0.          321.          498.            1.        ]
[ -14.87493228    0.          322.          339.            1.        ]
[  18.69627836    0.          322.          387.            1.        ]
[  -0.5836446    0.         323.         427.           1.       ]
[  -1.56924724    0.          324.           14.            1.        ]
[ -10.47837237    0.          324.          101.            1.        ]
[   0.57427778    0.          325.          490.            1.        ]
[ -28.85796976    0.          326.          194.            1.        ]
[   9.07601252    0.          332.          292.            3.        ]
[  -7.8231982    0.         351.         112.           1.       ]
[  -5.77061635    0.          314.          112.            1.        ]
[   7.8748578    0.         328.         158.           1.       ]
[  11.79115645    0.          327.          163.            2.        ]
[  13.85801539    0.          265.          393.            1.        ]
[ -15.582738    0.        337.        364.          1.      ]
[  -0.73176856    0.          327.          404.            1.        ]
[  -1.42689063    0.          328.          447.            1.        ]
[   4.41282928    0.          330.          351.            1.        ]
[  11.77782935    0.          331.          144.            1.        ]
[  17.35038424    0.          331.          169.            1.        ]
[   0.74991335    0.          331.          262.            1.        ]
[  -0.52604562    0.          309.          442.            1.        ]
[ -24.1167822    0.         321.         187.           2.       ]
[   9.24056703    0.          345.          455.            1.        ]
[  -2.83862563    0.          333.          360.            1.        ]
[   8.91287855    0.          334.          298.            1.        ]
[  -0.63725388    0.          334.          414.            1.        ]
[  -8.25015692    0.          335.          105.            1.        ]
[ -11.41288615    0.          336.           87.            1.        ]
[   0.49318943    0.          336.          486.            1.        ]
[   7.16678414    0.          337.           94.            1.        ]
[  -2.87116119    0.          337.          364.            1.        ]
[   3.5971149    0.         338.         111.           1.       ]
[  -1.49993203    0.          338.          456.            1.        ]
[   1.19488642    0.          349.           47.            1.        ]
[  17.64390308    0.          332.          159.            1.        ]
[   0.92177891    0.          342.          493.            1.        ]
[  -0.71113952    0.          348.          400.            1.        ]
[   2.8117499    0.         344.         202.           1.       ]
[ -13.95308739    0.          344.          315.            1.        ]
[  -9.85145497    0.          345.           63.            1.        ]
[  18.94452057    0.          345.          152.            1.        ]
[  14.11879474    0.          356.          352.            1.        ]
[  -1.10015656    0.          346.           14.            1.        ]
[ -21.51322202    0.          339.          198.            3.        ]
[  -2.79379219    0.          346.          364.            1.        ]
[   1.24390886    0.          347.           45.            1.        ]
[  -5.45710114    0.          347.          267.            1.        ]
[  -6.43891643    0.          347.          293.            1.        ]
[   2.02395089    0.          347.          391.            1.        ]
[   9.81685327    0.          349.           27.            1.        ]
[  -2.95369052    0.          348.          376.            2.        ]
[   2.42100261    0.          350.          200.            1.        ]
[   3.58243199    0.          350.          227.            1.        ]
[   2.77103566    0.          360.          141.            1.        ]
[  -0.51582505    0.          352.          428.            1.        ]
[   0.70879061    0.          353.            7.            1.        ]
[ -12.09707417    0.          353.           85.            1.        ]
[  -1.19811881    0.          353.          238.            1.        ]
[   0.71428547    0.          347.          479.            1.        ]
[  14.01036809    0.          367.          114.            2.        ]
[  -8.60558792    0.          358.          306.            1.        ]
[   6.82339374    0.          359.          105.            2.        ]
[   2.17719849    0.          359.          340.            1.        ]
[   2.17404824    0.          360.          200.            1.        ]
[  -0.44512894    0.          360.          398.            1.        ]
[   9.05464679    0.          348.           79.            3.        ]
[  -0.4476242    0.         354.         435.           3.       ]
[  -8.9984546    0.         363.          83.           1.       ]
[   7.79617647    0.          366.           28.            1.        ]
[   0.98323479    0.          367.          249.            1.        ]
[  12.38433798    0.          368.          111.            1.        ]
[   8.86255398    0.          368.          153.            1.        ]
[   6.42933056    0.          368.          293.            1.        ]
[  -0.78319199    0.          369.          418.            1.        ]
[   8.49432393    0.          370.           18.            1.        ]
[ -10.01201668    0.          382.           63.            1.        ]
[ -28.0489449    0.         372.         160.           1.       ]
[  -0.69871056    0.          340.          496.            1.        ]
[  -0.53156588    0.          351.          489.            1.        ]
[   2.3904786    0.         373.         329.           1.       ]
[  -2.80030869    0.          374.          242.            1.        ]
[  -1.24181109    0.          375.          335.            2.        ]
[  -1.38072554    0.          376.          183.            1.        ]
[  3.88769388e-01   0.00000000e+00   3.76000000e+02   4.76000000e+02
   1.00000000e+00]
[   7.18922005    0.          378.          389.            1.        ]
[  -1.21875217    0.          368.          444.            1.        ]
[   5.92910732    0.          378.           28.            1.        ]
[  14.79416197    0.          379.          370.            1.        ]
[  14.18603105    0.          381.          422.            1.        ]
[ -42.99230186    0.          378.          510.            1.        ]
[  -5.82902843    0.          380.           91.            1.        ]
[  -3.132788    0.        380.        256.          1.      ]
[   4.94968665    0.          378.           79.            3.        ]
[ -10.86474044    0.          382.           63.            1.        ]
[   0.99355685    0.          382.          222.            1.        ]
[  -3.47954058    0.          383.          103.            1.        ]
[   2.36232069    0.          383.          144.            1.        ]
[  -3.01829923    0.          383.          394.            1.        ]
[   3.36624323    0.          384.          172.            2.        ]
[  -2.70868985    0.          377.          452.            2.        ]
[   5.09151043    0.          385.           19.            1.        ]
[  13.2646624    0.         385.          70.           1.       ]
[  12.77149851    0.          387.          112.            1.        ]
[  10.63421189    0.          387.          247.            1.        ]
[  -3.33933146    0.          393.          416.            1.        ]
[  -1.44970843    0.          388.          227.            1.        ]
[  -2.31891762    0.          388.          336.            1.        ]
[  13.92717204    0.          389.          316.            1.        ]
[  -3.63795493    0.          389.          411.            1.        ]
[ -11.98868386    0.          390.           79.            1.        ]
[   0.93142994    0.          390.          214.            1.        ]
[  -2.07759668    0.          390.          291.            1.        ]
[   6.28251919    0.          390.          348.            1.        ]
[  -3.58049007    0.          394.          456.            3.        ]
[   6.0051177    0.         391.          29.           1.       ]
[  -6.74912592    0.          378.          136.            2.        ]
[  -1.92033257    0.          393.          284.            1.        ]
[   2.57190753    0.          393.          392.            1.        ]
[   6.9805021    0.         394.         502.           1.       ]
[  13.59838768    0.          394.          131.            1.        ]
[  -4.66787298    0.          408.          390.            2.        ]
[  -2.0851127    0.         396.         367.           1.       ]
[ -10.30993493    0.          398.          137.            1.        ]
[   4.12348991    0.          398.          145.            1.        ]
[   0.8145098    0.         399.          50.           1.       ]
[   4.75705084    0.          400.           16.            1.        ]
[   8.89529012    0.          400.           69.            1.        ]
[  13.99139467    0.          404.          373.            3.        ]
[ -26.86803887    0.          402.          479.            1.        ]
[ -17.31231034    0.          403.           74.            1.        ]
[  13.17619212    0.          403.          101.            1.        ]
[   6.60213579    0.          403.          238.            1.        ]
[   1.19252972    0.          398.          453.            1.        ]
[   5.04555504    0.          404.          149.            1.        ]
[   3.93553904    0.          404.          187.            1.        ]
[   1.69807287    0.          411.          415.            1.        ]
[   6.20732459    0.          405.          433.            1.        ]
[  -9.48474896    0.          406.          132.            1.        ]
[   3.31352433    0.          407.          131.            1.        ]
[  -0.57451757    0.          407.          276.            1.        ]
[  21.47914683    0.          407.          447.            1.        ]
[   0.69541406    0.          408.           48.            1.        ]
[   3.56854562    0.          410.          187.            1.        ]
[   4.99512785    0.          410.          495.            1.        ]
[ -3.60686726e-01   0.00000000e+00   4.12000000e+02   4.02000000e+02
   1.00000000e+00]
[  13.75383578    0.          412.           36.            2.        ]
[   2.95454597    0.          412.          257.            1.        ]
[   1.05741049    0.          413.          382.            1.        ]
[  -2.49610721    0.          417.           91.            1.        ]
[   3.15535665    0.          427.          251.            1.        ]
[   1.10914732    0.          418.          320.            1.        ]
[  21.16165036    0.          422.          372.            3.        ]
[  14.37580819    0.          401.          458.            1.        ]
[   3.41212619    0.          420.           83.            1.        ]
[   2.45462554    0.          421.          206.            1.        ]
[  -0.82000589    0.          395.          360.            3.        ]
[  -0.91495169    0.          411.          395.            2.        ]
[ -19.16684997    0.          428.          468.            1.        ]
[  -9.19490138    0.          422.          233.            1.        ]
[ -13.16137788    0.          422.           67.            1.        ]
[   0.92256719    0.          423.          343.            1.        ]
[   1.6889256    0.         423.         380.           1.       ]
[  -2.79226962    0.          424.          212.            1.        ]
[   1.02241055    0.          425.          262.            1.        ]
[   9.65698396    0.          414.          218.            2.        ]
[  -1.78153348    0.          426.          421.            1.        ]
[   3.43996742    0.          426.          481.            1.        ]
[  13.05380886    0.          418.           42.            3.        ]
[  -4.99527882    0.          427.           60.            1.        ]
[   2.71974608    0.          428.          137.            1.        ]
[  -1.10108862    0.          428.          407.            1.        ]
[   1.55323317    0.          429.          255.            1.        ]
[   0.96773592    0.          425.          311.            1.        ]
[  -3.55386378    0.          430.          196.            1.        ]
[   1.41452838    0.          430.          328.            1.        ]
[  18.75094499    0.          431.          173.            1.        ]
[   0.71096485    0.          425.          284.            1.        ]
[  17.29126206    0.          435.          322.            1.        ]
[  -0.85418549    0.          420.          388.            1.        ]
[ -16.41334355    0.          433.           67.            1.        ]
[  -2.1114969    0.         433.          82.           1.       ]
[ -13.59715528    0.          434.          106.            1.        ]
[  -4.09477035    0.          434.          487.            1.        ]
[  11.2892525    0.         435.         221.           1.       ]
[   1.164638    0.        432.        317.          1.      ]
[   2.53324963    0.          433.          480.            1.        ]
[  13.70745984    0.          436.          153.            1.        ]
[ -19.47468427    0.          424.          164.            2.        ]
[   0.77968802    0.          435.          292.            1.        ]
[  -1.26257575    0.          431.          385.            3.        ]
[  14.02962068    0.          442.           57.            1.        ]
[   3.37256168    0.          437.          476.            1.        ]
[  18.28766531    0.          439.          380.            1.        ]
[   2.61937343    0.          440.          128.            1.        ]
[   5.05785959    0.          440.          186.            1.        ]
[  -1.09175664    0.          440.          416.            1.        ]
[  -3.09923915    0.          440.          120.            1.        ]
[ -22.75603965    0.          438.          374.            1.        ]
[ -16.03298287    0.          442.          174.            1.        ]
[   5.98550586    0.          442.          192.            1.        ]
[   0.890565    0.        442.        295.          1.      ]
[  15.4479671    0.         444.          27.           2.       ]
[   1.36157486    0.          445.          254.            1.        ]
[  -4.5908077    0.         425.         497.           3.       ]
[ -12.88213361    0.          446.           67.            1.        ]
[  11.03607868    0.          446.          148.            1.        ]
[  -1.06966701    0.          446.          413.            1.        ]
[   0.64954757    0.          448.          277.            1.        ]
[   1.0394679    0.         448.         310.           1.       ]
[   0.75817389    0.          439.          344.            1.        ]
[  -1.31737997    0.          451.           76.            1.        ]
[  -0.76790921    0.          451.          268.            1.        ]
[   0.72523973    0.          451.          299.            1.        ]
[  -4.97667504    0.          451.          435.            1.        ]
[   4.16051143    0.          453.           83.            1.        ]
[   0.72749624    0.          453.          256.            1.        ]
[  -3.57870018    0.          453.          464.            1.        ]
[ -10.04285159    0.          442.          301.            1.        ]
[   1.37773475    0.          454.          323.            1.        ]
[   4.65652169    0.          455.          483.            1.        ]
[  -2.00392428    0.          454.          484.            1.        ]
[ -12.72500773    0.          459.           70.            1.        ]
[   0.75612304    0.          457.          301.            1.        ]
[  -5.47251991    0.          457.          381.            1.        ]
[   2.67893072    0.          457.          419.            1.        ]
[   3.18028039    0.          457.           99.            1.        ]
[   1.2912447    0.         458.         319.           1.       ]
[   0.46471236    0.          459.          303.            1.        ]
[ -19.79954206    0.          463.          178.            2.        ]
[  10.40055867    0.          461.          140.            1.        ]
[   0.77717504    0.          462.          253.            1.        ]
[  -1.67051092    0.          461.          426.            1.        ]
[   9.3184751    0.         462.         209.           1.       ]
[  -0.46186961    0.          461.          265.            2.        ]
[  -0.66617483    0.          453.          264.            3.        ]
[  -1.48769294    0.          466.           83.            1.        ]
[   1.20110476    0.          466.          340.            1.        ]
[  -7.82582264    0.          466.          407.            1.        ]
[   8.56976224    0.          467.          157.            1.        ]
[   0.86805287    0.          468.          247.            1.        ]
[   1.52744768    0.          467.          360.            1.        ]
[  4.10936974e-01   0.00000000e+00   4.70000000e+02   3.04000000e+02
   1.00000000e+00]
[   0.4738594    0.         470.         264.           1.       ]
[   0.64848374    0.          470.          313.            1.        ]
[  18.31874567    0.          471.           11.            1.        ]
[  -1.92105407    0.          472.           94.            1.        ]
[   8.74244733    0.          473.          202.            1.        ]
[ -3.07234587e-01   0.00000000e+00   4.73000000e+02   2.79000000e+02
   1.00000000e+00]
[  -1.52389737    0.          474.          185.            1.        ]
[  4.17149720e-01   0.00000000e+00   4.74000000e+02   3.56000000e+02
   1.00000000e+00]
[   0.50467739    0.          475.          259.            1.        ]
[   1.11656636    0.          477.           50.            1.        ]
[   0.77237068    0.          477.          348.            1.        ]
[ -40.44878702    0.          485.          439.            3.        ]
[   0.61741837    0.          476.          239.            1.        ]
[   0.73432493    0.          479.          302.            1.        ]
[   3.33153746    0.          480.          133.            1.        ]
[   0.5810234    0.         465.         351.           1.       ]
[  -4.6418419    0.         480.         497.           1.       ]
[  12.42781295    0.          496.          198.            1.        ]
[   0.72799858    0.          482.          290.            1.        ]
[ -11.45576569    0.          483.           26.            1.        ]
[   1.50566187    0.          486.           94.            1.        ]
[ -10.9173611    0.         482.         165.           1.       ]
[  -1.36521056    0.          483.          390.            1.        ]
[  -1.04568329    0.          484.          179.            1.        ]
[   0.74029224    0.          484.          261.            1.        ]
[   9.10076387    0.          491.          143.            3.        ]
[   1.10527804    0.          486.           85.            1.        ]
[   7.14747126    0.          486.          459.            1.        ]
[ -11.80874208    0.          488.           68.            1.        ]
[   0.7246505    0.         488.         304.           1.       ]
[   0.94405915    0.          488.          317.            1.        ]
[   1.52533143    0.          496.          347.            1.        ]
[ -23.00353923    0.          489.          430.            1.        ]
[   0.7706622    0.         492.         398.           2.       ]
[  -9.08682919    0.          493.          161.            1.        ]
[   0.76503007    0.          494.          297.            1.        ]
[   8.5698212    0.         466.         219.           2.       ]
[   1.06041154    0.          496.          312.            1.        ]
[ -17.79759484    0.          497.           62.            1.        ]
[   8.4921381    0.         509.         186.           2.       ]
[   9.74369301    0.          507.          463.            1.        ]
[   1.16283865    0.          500.          339.            1.        ]
[   0.89568402    0.          500.          318.            1.        ]
[   1.34479323    0.          501.          328.            1.        ]
[   1.19139233    0.          501.          354.            1.        ]
[   4.04514391    0.          501.          431.            1.        ]
[  16.95950171    0.          503.           15.            1.        ]
[   2.20569366    0.          503.           91.            1.        ]
[   3.76551416    0.          505.          505.            1.        ]
[ -38.13402117    0.          510.           28.            1.        ]
[ -36.18242641    0.          510.           58.            1.        ]
[ -13.22022974    0.          510.           96.            1.        ]
[ -19.47681273    0.          510.          109.            1.        ]
[ -16.68299473    0.          510.          121.            1.        ]
[ -20.2792303    0.         510.         141.           1.       ]
[ -13.74192373    0.          510.          153.            1.        ]
[ -18.34351596    0.          510.          170.            1.        ]
[ -43.21458212    0.          510.          380.            1.        ]
[ -23.03664238    0.          510.          510.            1.        ]
[ -0.41804885   0.          96.          13.           2.        ]
[  -0.92313125    0.          159.          423.            2.        ]
[  -0.46130691    0.          185.          410.            3.        ]
[  -0.57957251    0.          195.          403.            2.        ]
[  -1.32206867    0.          331.          203.            2.        ]
[  -1.69271246    0.          355.          128.            2.        ]
[ -19.76706658    0.            2.          505.            3.        ]
[-31.51507027   0.           3.           4.           3.        ]
[ -20.56836408    0.            9.          127.            1.        ]
[ -15.49457297    0.           25.          284.            3.        ]
[ -15.75295697    0.           80.          288.            3.        ]
[  5.97514725   0.          13.          63.           3.        ]
[   0.70525964    0.            4.          305.            3.        ]
[  -0.82214045    0.           16.          243.            3.        ]
[   7.40481087    0.           36.          459.            3.        ]
[  -1.1877436    0.          18.         107.           3.       ]
[ -1.35626112   0.          21.          77.           3.        ]
[   0.30474054    0.           23.          253.            3.        ]
[   0.4161411    0.          23.         281.           3.       ]
[   0.53706771    0.           24.          181.            3.        ]
[  -3.15778038    0.           25.          336.            3.        ]
[   0.58151384    0.           35.          239.            3.        ]
[  6.41893271   0.          31.          76.           3.        ]
[  -0.64512091    0.           27.          192.            3.        ]
[ -1.64071743   0.          28.          29.           3.        ]
[  -1.1685616    0.          28.         113.           3.       ]
[   1.27256153    0.           28.          207.            3.        ]
[   0.63089035    0.           28.          267.            3.        ]
[   0.41189113    0.           28.          359.            3.        ]
[  1.18520031   0.          30.          42.           3.        ]
[ -1.36885659   0.          31.          76.           3.        ]
[   0.32700612    0.           36.          282.            3.        ]
[  0.43629465   0.          37.          89.           3.        ]
[   0.52364901    0.           37.          148.            3.        ]
[  -5.26195494    0.           26.          421.            2.        ]
[  -5.32596902    0.           42.          432.            3.        ]
[  6.69591163   0.          40.          63.           3.        ]
[   0.42927595    0.           41.          378.            3.        ]
[   8.01006159    0.           52.          458.            3.        ]
[ -1.53155206   0.          42.          76.           3.        ]
[   0.98190386    0.           42.          313.            3.        ]
[  -1.21369883    0.           43.          111.            3.        ]
[   0.52997185    0.           44.          369.            3.        ]
[  -0.4161247    0.          46.         172.           3.       ]
[   1.16015248    0.           55.          408.            3.        ]
[  -0.63295879    0.           47.          276.            3.        ]
[  -7.80683362    0.           48.          224.            3.        ]
[   1.44644956    0.           48.          499.            3.        ]
[  -7.75613829    0.           15.          214.            1.        ]
[  -0.67234902    0.           51.          127.            3.        ]
[  -6.1020407    0.          33.         233.           3.       ]
[  -1.36458632    0.           52.          107.            3.        ]
[  -3.31903115    0.           52.          196.            3.        ]
[  -3.07685939    0.           69.          348.            3.        ]
[   1.20695134    0.           57.          310.            3.        ]
[  -1.38742658    0.           58.          474.            3.        ]
[  0.34860086   0.          59.          89.           3.        ]
[  -2.36697532    0.           59.          168.            3.        ]
[   1.39236283    0.           61.          323.            3.        ]
[  -0.64698877    0.           62.          218.            3.        ]
[   1.88270625    0.           90.          157.            3.        ]
[  -1.6649222    0.          64.         237.           3.       ]
[  -1.4195506    0.          64.         470.           3.       ]
[   1.9687531    0.          50.         172.           3.       ]
[  -0.5887806    0.          65.         422.           3.       ]
[  -2.04432684    0.           68.          226.            3.        ]
[  -0.92518894    0.           69.          187.            3.        ]
[  -5.61281927    0.           72.          281.            3.        ]
[  -1.05446968    0.           72.          250.            3.        ]
[  -0.86029382    0.           73.          198.            3.        ]
[  -0.63216205    0.           73.          392.            3.        ]
[  -4.60126135    0.           75.          337.            3.        ]
[   0.45818491    0.           75.          400.            3.        ]
[  -0.72917148    0.           80.          477.            3.        ]
[  -1.06358405    0.           81.          109.            3.        ]
[  -0.79229411    0.           81.          127.            3.        ]
[  -2.97023385    0.           81.          233.            3.        ]
[   9.7379968    0.          74.         299.           3.       ]
[ -15.95550948    0.           82.          506.            3.        ]
[ -0.56994478   0.          87.          91.           3.        ]
[ -0.69589372   0.          86.          99.           3.        ]
[  10.97440479    0.           92.          380.            3.        ]
[  -1.7565434    0.          90.         195.           3.       ]
[  -0.83502246    0.           91.          468.            3.        ]
[  -1.9215528    0.          94.         228.           3.       ]
[  -1.3055718    0.          93.         206.           3.       ]
[  -4.7205508    0.          93.         383.           3.       ]
[ -2.10149743   0.          94.          76.           3.        ]
[   1.27841429    0.           95.          457.            3.        ]
[  -1.17074144    0.           97.          114.            3.        ]
[  -4.18346359    0.          103.          227.            3.        ]
[   1.2114968    0.          97.         267.           3.       ]
[  -1.81734722    0.           99.          443.            3.        ]
[  -4.35224994    0.          101.          389.            3.        ]
[  16.63489806    0.           98.          409.            1.        ]
[  -2.27076809    0.          102.          179.            3.        ]
[  -8.16613502    0.          102.          312.            3.        ]
[  -6.52149519    0.          104.          235.            3.        ]
[  10.57703501    0.          105.          324.            3.        ]
[  -1.30036213    0.          107.          267.            3.        ]
[ -14.71122672    0.          109.            5.            2.        ]
[  -1.07118791    0.          114.          106.            3.        ]
[   0.78922353    0.          111.          191.            3.        ]
[   0.66450225    0.          111.          291.            3.        ]
[   1.45597014    0.          113.          241.            3.        ]
[  -9.33966439    0.          114.          219.            3.        ]
[  -1.58216608    0.          114.          253.            3.        ]
[  19.98935842    0.          114.          419.            3.        ]
[  -1.42729125    0.          105.          449.            3.        ]
[  11.67941947    0.          115.          329.            3.        ]
[   0.74903981    0.          116.          277.            3.        ]
[  -9.47220245    0.          116.          408.            3.        ]
[  -3.31380983    0.          116.          493.            3.        ]
[  -1.09735879    0.          118.          148.            3.        ]
[   1.26085342    0.          119.          230.            3.        ]
[  -0.57391323    0.          120.          285.            3.        ]
[   7.78666734    0.          120.           64.            3.        ]
[   1.01040259    0.          120.          268.            3.        ]
[   1.15739454    0.          121.          180.            3.        ]
[   0.45858114    0.          126.          294.            3.        ]
[  11.06420121    0.          122.          369.            3.        ]
[   0.94603728    0.          130.          164.            2.        ]
[  -1.7265257    0.         128.         159.           3.       ]
[  -1.41872159    0.          128.          269.            3.        ]
[   1.25302688    0.          128.          439.            3.        ]
[  -2.32250325    0.          129.           77.            3.        ]
[   1.69696034    0.          130.          400.            3.        ]
[  -1.14238212    0.          131.          106.            3.        ]
[ -11.10074418    0.          120.          145.            1.        ]
[  -1.83750948    0.          131.          223.            3.        ]
[   2.02656872    0.          134.          248.            3.        ]
[   3.60082257    0.          134.          295.            3.        ]
[  4.21758670e-01   0.00000000e+00   1.34000000e+02   4.93000000e+02
   3.00000000e+00]
[  -0.88090042    0.          137.          167.            3.        ]
[   1.66747403    0.          137.          203.            3.        ]
[  -0.92173171    0.          137.          256.            3.        ]
[   0.97444468    0.          139.          268.            3.        ]
[   1.85576349    0.          140.          241.            3.        ]
[   1.13406713    0.          141.          438.            3.        ]
[  -4.91851285    0.          143.          183.            3.        ]
[   2.38753979    0.          143.          281.            3.        ]
[   0.42708282    0.          144.           95.            3.        ]
[   1.42751809    0.          145.          234.            3.        ]
[   1.00832772    0.          146.          260.            3.        ]
[  -1.4261395    0.         147.         160.           3.       ]
[   0.81959242    0.          147.          378.            3.        ]
[ -13.53640557    0.          146.          451.            3.        ]
[   2.69475498    0.          148.          330.            3.        ]
[   2.61394379    0.          149.          312.            3.        ]
[  23.09604501    0.          152.          425.            3.        ]
[  -0.52883561    0.          152.          106.            3.        ]
[  -1.8768196    0.         166.         447.           3.       ]
[   0.66088068    0.          153.          365.            3.        ]
[  -1.28962551    0.          155.          231.            3.        ]
[  -1.90072803    0.          156.           76.            3.        ]
[   2.30382965    0.          156.          184.            3.        ]
[   1.44524733    0.          156.          257.            3.        ]
[   2.35359562    0.          156.          316.            3.        ]
[   7.01761066    0.          156.          393.            3.        ]
[   1.42384382    0.          157.          269.            3.        ]
[   2.11803782    0.          157.          302.            3.        ]
[  -2.22878478    0.          158.          192.            3.        ]
[  23.93430085    0.          160.          410.            3.        ]
[   1.18100683    0.          159.          355.            3.        ]
[   3.51503309    0.          160.          147.            3.        ]
[   3.17358039    0.          162.          131.            3.        ]
[   2.22667708    0.          162.          305.            3.        ]
[   0.84815627    0.          177.          338.            2.        ]
[  -2.43270176    0.          166.          184.            3.        ]
[   0.68793485    0.          166.          474.            3.        ]
[  -0.57383239    0.          167.          423.            3.        ]
[   0.32272984    0.          168.           88.            3.        ]
[   3.02799975    0.          167.          240.            3.        ]
[   1.16656856    0.          168.          336.            3.        ]
[   2.66944687    0.          148.          154.            3.        ]
[  20.68418599    0.          182.          401.            3.        ]
[   4.88719636    0.          170.          248.            3.        ]
[  -3.68551347    0.          173.          312.            3.        ]
[ -13.05527387    0.          176.          436.            3.        ]
[  3.32675219e-01   0.00000000e+00   1.73000000e+02   4.92000000e+02
   3.00000000e+00]
[  -1.36782222    0.          175.          341.            3.        ]
[  -5.15095691    0.          178.           31.            3.        ]
[  14.82313629    0.          179.          277.            3.        ]
[  16.04908166    0.          177.          378.            3.        ]
[ -13.8042025    0.         180.         429.           3.       ]
[   3.83973859    0.          180.          149.            3.        ]
[   9.46232248    0.          180.          254.            3.        ]
[  16.32739196    0.          180.          377.            3.        ]
[  3.33526221e-01   0.00000000e+00   1.80000000e+02   4.84000000e+02
   3.00000000e+00]
[ -3.86835439e-01   0.00000000e+00   1.81000000e+02   4.17000000e+02
   3.00000000e+00]
[ -13.19174554    0.          186.          397.            1.        ]
[   2.75077221    0.          182.          209.            3.        ]
[  -2.00400327    0.          184.           76.            3.        ]
[   8.47098291    0.          184.          137.            3.        ]
[ -13.12038432    0.          185.          436.            3.        ]
[ -14.53531018    0.          201.          408.            3.        ]
[   8.21349939    0.          189.          229.            3.        ]
[ -17.26910451    0.          190.          282.            3.        ]
[   5.94001074    0.          191.          248.            3.        ]
[  -5.83194188    0.          193.          238.            3.        ]
[   2.44433938    0.          195.          167.            3.        ]
[  -1.70933683    0.          197.           76.            3.        ]
[  3.25952801e-01   0.00000000e+00   1.97000000e+02   4.73000000e+02
   3.00000000e+00]
[ -13.99511959    0.          198.          272.            3.        ]
[   4.9367951    0.         200.         241.           3.       ]
[  -0.96914777    0.          201.          319.            3.        ]
[  21.15806103    0.          200.          339.            3.        ]
[   5.18752184    0.          184.           93.            3.        ]
[   8.21234593    0.          201.          196.            3.        ]
[  -1.12929537    0.          194.          403.            2.        ]
[  -3.07717    0.       203.       352.         3.     ]
[  -1.286538    0.        204.        167.          3.      ]
[  -7.91896787    0.          207.          262.            3.        ]
[  4.05581080e-01   0.00000000e+00   2.07000000e+02   4.52000000e+02
   3.00000000e+00]
[ -10.55056951    0.          208.          427.            3.        ]
[  -5.07941682    0.          210.          439.            3.        ]
[   8.55347922    0.          211.          190.            3.        ]
[   1.75506653    0.          212.          406.            3.        ]
[  -1.53391924    0.          214.          114.            3.        ]
[ -10.30121613    0.          215.          265.            3.        ]
[ -14.18130913    0.          217.          133.            3.        ]
[  -2.21753619    0.          218.           77.            3.        ]
[  10.78617224    0.          219.          181.            3.        ]
[  12.57187968    0.          220.          143.            3.        ]
[ -13.44701006    0.          308.          249.            3.        ]
[  -3.56387127    0.          227.          111.            3.        ]
[   8.981487    0.        227.        173.          3.      ]
[ -17.37632362    0.          206.          259.            3.        ]
[  -1.29077088    0.          227.          390.            3.        ]
[   1.52121825    0.          227.          452.            3.        ]
[  -4.18035129    0.          228.          218.            3.        ]
[ -16.61990356    0.          227.           13.            2.        ]
[  -4.66021448    0.          229.          429.            3.        ]
[  -2.22258971    0.          230.           77.            3.        ]
[  -3.900891    0.        230.        268.          3.      ]
[ -10.39778274    0.          220.          340.            3.        ]
[   1.86986285    0.          232.          467.            3.        ]
[   3.58363637    0.          234.          276.            3.        ]
[  10.69951779    0.          236.          164.            3.        ]
[   1.72423565    0.          237.          483.            3.        ]
[  -1.83804109    0.          228.          166.            3.        ]
[  -1.04160123    0.          270.          351.            1.        ]
[  -1.5250351    0.         238.         450.           3.       ]
[  -3.6184076    0.         240.         188.           3.       ]
[   3.82278208    0.          244.          195.            3.        ]
[  10.61882748    0.          242.          265.            3.        ]
[  -1.23849622    0.          243.          113.            3.        ]
[  14.27837853    0.          245.          348.            3.        ]
[  16.32045064    0.          247.          135.            3.        ]
[   0.6038232    0.         249.         434.           3.       ]
[  -3.64621571    0.          249.          208.            3.        ]
[   9.91354772    0.          274.          294.            1.        ]
[   0.70690499    0.          249.          445.            3.        ]
[   9.8391771    0.         250.         152.           3.       ]
[   0.71413147    0.          250.          463.            3.        ]
[ -14.34787587    0.          233.           11.            1.        ]
[  -1.90652604    0.          252.           78.            3.        ]
[   3.14852627    0.          253.          200.            3.        ]
[  -5.45296781    0.          254.          121.            3.        ]
[ -14.58615439    0.          229.          252.            3.        ]
[ -12.09735967    0.          269.          400.            1.        ]
[   9.03585101    0.          258.          278.            3.        ]
[  -5.77481566    0.          259.          289.            3.        ]
[  20.71906268    0.          261.          249.            3.        ]
[   0.84601194    0.          255.          443.            3.        ]
[  23.27890279    0.          263.          323.            3.        ]
[  13.93042986    0.          264.          134.            3.        ]
[   2.32361905    0.          266.          496.            3.        ]
[   7.12377486    0.          241.          247.            3.        ]
[ -23.7295131    0.         267.         274.           3.       ]
[  -6.95683384    0.          271.          259.            3.        ]
[  -6.71179788    0.          272.          160.            3.        ]
[  -2.88820507    0.          292.           79.            3.        ]
[  -9.17290432    0.          273.          109.            3.        ]
[   0.7754362    0.         273.         430.           3.       ]
[ -15.51948353    0.          275.          212.            3.        ]
[  -5.87161833    0.          275.          248.            3.        ]
[ -10.42023942    0.          283.          408.            3.        ]
[  -3.51273706    0.          277.          150.            3.        ]
[   5.71078601    0.          278.          141.            3.        ]
[  -8.07543192    0.          280.          130.            3.        ]
[   2.26501969    0.          282.          288.            3.        ]
[   0.5870051    0.         282.         444.           3.       ]
[   7.18558958    0.          284.          174.            3.        ]
[  -4.29364816    0.          283.          240.            3.        ]
[   0.52804652    0.          296.          425.            3.        ]
[  -4.39149379    0.          273.          261.            3.        ]
[  -4.36176325    0.          287.          157.            3.        ]
[  -3.82742352    0.          293.          265.            3.        ]
[  -4.40454946    0.          288.          151.            3.        ]
[   8.59690418    0.          289.          139.            3.        ]
[  -4.58801757    0.          292.           85.            3.        ]
[  15.5669424    0.         286.         380.           2.       ]
[   0.62096772    0.          292.          445.            3.        ]
[   8.05914109    0.          294.          100.            3.        ]
[   8.09025123    0.          296.          163.            3.        ]
[   8.31347926    0.          298.          133.            3.        ]
[ -11.87700936    0.          250.          321.            3.        ]
[  -9.45349047    0.          298.          172.            3.        ]
[  -6.75904283    0.          300.          226.            3.        ]
[ -19.91157901    0.          320.          351.            1.        ]
[ -11.79543818    0.          302.          395.            3.        ]
[   0.69688024    0.          324.          433.            3.        ]
[   2.32667633    0.          303.          298.            3.        ]
[   0.67826836    0.          303.          443.            3.        ]
[ -12.12826458    0.          293.          367.            3.        ]
[  -6.8146777    0.         307.         124.           3.       ]
[ -12.93354249    0.          291.          160.            1.        ]
[  -5.51587247    0.          308.           76.            3.        ]
[   4.41613767    0.          308.          108.            3.        ]
[   7.91596411    0.          309.           92.            3.        ]
[  -8.84759487    0.          309.          467.            3.        ]
[  -7.19288496    0.          310.          156.            3.        ]
[ -12.49738675    0.          283.          479.            3.        ]
[  11.69194305    0.          313.          380.            3.        ]
[   0.62606634    0.          311.          262.            3.        ]
[   0.97662208    0.          312.          412.            3.        ]
[  -2.23630017    0.          312.          487.            3.        ]
[   7.35770304    0.          313.          134.            3.        ]
[  -6.53213935    0.          313.          163.            3.        ]
[  -8.84684249    0.          314.          314.            3.        ]
[  12.57965308    0.          315.          180.            3.        ]
[  -3.3096413    0.         310.          72.           3.       ]
[   4.89506306    0.          316.          285.            3.        ]
[ -12.70328119    0.          312.          326.            3.        ]
[  -5.05832129    0.          312.          242.            3.        ]
[ -12.32280047    0.          310.          413.            3.        ]
[ -22.38770639    0.          321.          185.            3.        ]
[  -1.09623125    0.          322.          245.            3.        ]
[  -5.65477004    0.          323.          126.            3.        ]
[   5.60520523    0.          323.          296.            3.        ]
[   0.60601071    0.          324.          432.            3.        ]
[ -10.30021118    0.          323.           10.            3.        ]
[   0.64241537    0.          325.          439.            3.        ]
[  -1.81151445    0.          326.          477.            3.        ]
[  -0.66438903    0.          326.          494.            3.        ]
[   7.13993526    0.          327.          139.            3.        ]
[  22.20072101    0.          479.           88.            2.        ]
[   9.01001297    0.          328.           66.            3.        ]
[  -9.62162385    0.          329.          148.            3.        ]
[  -7.75585225    0.          314.          184.            3.        ]
[  -4.08798761    0.          331.          354.            3.        ]
[   7.37469667    0.          332.           90.            3.        ]
[  -0.77551944    0.          333.          265.            3.        ]
[   4.95448942    0.          335.          108.            3.        ]
[ -10.08771473    0.          335.          301.            3.        ]
[  -5.57088846    0.          336.           81.            3.        ]
[  -1.15843358    0.          336.          245.            3.        ]
[   0.71093605    0.          337.          408.            3.        ]
[   0.55307416    0.          337.          427.            3.        ]
[  -9.84393757    0.          353.          370.            3.        ]
[   5.42341016    0.          342.          102.            3.        ]
[   0.69412625    0.          344.          410.            3.        ]
[  -2.63615002    0.          345.          204.            3.        ]
[  14.68399074    0.          343.          327.            3.        ]
[   6.3325129    0.         348.         296.           3.       ]
[  3.46343350e-01   0.00000000e+00   3.53000000e+02   4.24000000e+02
   3.00000000e+00]
[   6.87782677    0.          349.          269.            3.        ]
[  -8.34125665    0.          350.           30.            3.        ]
[  -3.32069863    0.          365.          217.            3.        ]
[  10.91053131    0.          351.          167.            3.        ]
[  -0.5783924    0.         356.         487.           3.       ]
[   4.72137111    0.          358.          123.            3.        ]
[  -8.42965146    0.          358.          147.            3.        ]
[  -3.23223183    0.          360.          105.            3.        ]
[  -0.80694698    0.          362.          478.            3.        ]
[  11.84434145    0.          363.           66.            3.        ]
[  -5.56375017    0.          364.           75.            3.        ]
[   7.15212027    0.          365.           84.            3.        ]
[ -10.23205778    0.          366.          114.            3.        ]
[   1.11103736    0.          366.          362.            3.        ]
[  20.23584345    0.          376.          152.            3.        ]
[   1.27719531    0.          370.          216.            3.        ]
[   1.43251048    0.          370.          227.            3.        ]
[  -7.03854729    0.          371.           21.            3.        ]
[  -5.40750646    0.          372.          291.            3.        ]
[  -1.89947836    0.          376.          335.            3.        ]
[  -2.18582958    0.          361.          245.            3.        ]
[   0.90726227    0.          374.          201.            3.        ]
[   0.5122032    0.         374.         410.           3.       ]
[   7.88205899    0.          378.          121.            3.        ]
[   0.62410785    0.          378.          397.            3.        ]
[   1.12650766    0.          380.          426.            3.        ]
[   1.02079958    0.          378.          466.            3.        ]
[   4.83117737    0.          379.          240.            3.        ]
[  10.25900098    0.          380.           66.            3.        ]
[   7.13907393    0.          380.           81.            3.        ]
[ -12.26482845    0.          384.          453.            3.        ]
[  -0.94095657    0.          385.          218.            3.        ]
[  -5.27325032    0.          386.           72.            3.        ]
[ -11.05609728    0.          386.          115.            3.        ]
[  -3.03791556    0.          388.          178.            3.        ]
[   6.60675502    0.          387.          387.            3.        ]
[  23.68068601    0.          389.          496.            3.        ]
[   1.04964361    0.          390.          196.            3.        ]
[  -2.02818213    0.          390.          276.            3.        ]
[  -9.52331985    0.          391.          247.            3.        ]
[   5.06573138    0.          392.          153.            3.        ]
[  -5.10004234    0.          392.          349.            3.        ]
[   1.78787751    0.          394.          288.            3.        ]
[ -12.08880464    0.          397.          309.            3.        ]
[  -6.50031679    0.          395.          134.            3.        ]
[   4.19862199    0.          388.          413.            3.        ]
[   4.27494786    0.          397.          422.            3.        ]
[  10.66827147    0.          398.           66.            3.        ]
[   1.48935788    0.          399.          197.            3.        ]
[  -2.18262071    0.          399.          391.            3.        ]
[   4.62890035    0.          399.          428.            3.        ]
[  -6.04646672    0.          401.          105.            3.        ]
[ -21.37997039    0.          403.            3.            3.        ]
[  -7.35048933    0.          404.           92.            3.        ]
[  -1.57308688    0.          376.          409.            3.        ]
[  -5.74996043    0.          406.          151.            3.        ]
[  -1.56215887    0.          406.          208.            3.        ]
[  -1.41280942    0.          406.          412.            3.        ]
[   6.82477125    0.          409.          134.            3.        ]
[   6.5946846    0.         407.         162.           3.       ]
[  -3.88179172    0.          407.          436.            3.        ]
[  23.2013773    0.         407.         477.           3.       ]
[ -14.31220683    0.          409.          450.            3.        ]
[   3.06244287    0.          401.           99.            3.        ]
[  -6.53119965    0.          412.          243.            3.        ]
[  -3.83814825    0.          408.          497.            3.        ]
[  -2.19474335    0.          413.          260.            3.        ]
[  -2.13555626    0.          414.           87.            3.        ]
[   3.69465185    0.          415.           97.            3.        ]
[  3.45685271e-01   0.00000000e+00   4.15000000e+02   3.93000000e+02
   3.00000000e+00]
[   4.35583042    0.          416.          114.            3.        ]
[  14.35555915    0.          417.           71.            3.        ]
[  -7.97569022    0.          419.          228.            3.        ]
[   1.96750633    0.          420.          200.            3.        ]
[  -1.52506305    0.          421.          208.            3.        ]
[  -2.23197356    0.          424.          126.            3.        ]
[  12.91025066    0.          424.          168.            3.        ]
[  -4.70088626    0.          425.          141.            3.        ]
[  12.7239755    0.         454.         145.           3.       ]
[  -3.24219913    0.          427.          191.            3.        ]
[  -0.7635399    0.         427.         308.           3.       ]
[  -6.68068205    0.          431.          156.            3.        ]
[  -1.32948059    0.          429.          333.            3.        ]
[   1.15708955    0.          430.          409.            3.        ]
[   2.47453012    0.          431.          130.            3.        ]
[  -9.90522368    0.          432.          102.            3.        ]
[ -13.56814509    0.          435.          435.            3.        ]
[  12.51388718    0.          435.           69.            3.        ]
[   7.9456307    0.         439.         114.           1.       ]
[   2.29820189    0.          437.          124.            3.        ]
[  -9.80287297    0.          437.          223.            3.        ]
[  -0.75562445    0.          437.          298.            3.        ]
[  -1.37990144    0.          441.          326.            3.        ]
[   0.77461897    0.          441.          387.            3.        ]
[   2.54940179    0.          442.          486.            3.        ]
[  -1.1943636    0.         444.         494.           3.       ]
[  12.28002028    0.          446.          464.            3.        ]
[   9.61256398    0.          432.          151.            3.        ]
[  -3.60566701    0.          447.          136.            3.        ]
[   9.80912437    0.          447.          175.            3.        ]
[  11.31228845    0.          448.           69.            3.        ]
[  -0.50220639    0.          450.          304.            3.        ]
[  -0.65777117    0.          461.          312.            3.        ]
[  -1.35348437    0.          450.          329.            3.        ]
[   2.91333692    0.          451.          480.            3.        ]
[  -6.78731159    0.          447.          232.            3.        ]
[  -2.28694799    0.          456.          131.            3.        ]
[   1.76530013    0.          455.          495.            3.        ]
[  -8.70755922    0.          451.          179.            2.        ]
[  -0.72551399    0.          458.          295.            3.        ]
[  -1.58712394    0.          459.          101.            3.        ]
[   2.4115008    0.         460.         474.           3.       ]
[  10.70643076    0.          472.            3.            3.        ]
[   8.8411628    0.         462.         178.           3.       ]
[   2.4810797    0.         463.         118.           3.       ]
[  -0.78683846    0.          466.          326.            3.        ]
[  -2.09866686    0.          452.          479.            2.        ]
[  -9.39999136    0.          464.          143.            3.        ]
[  16.65558189    0.          464.          373.            3.        ]
[  -7.99267056    0.          466.          210.            3.        ]
[  -1.182797    0.        468.        342.          3.      ]
[  -1.75030766    0.          469.           92.            3.        ]
[   7.99064155    0.          470.          170.            3.        ]
[   9.53288246    0.          471.          409.            3.        ]
[   6.61864795    0.          463.           81.            3.        ]
[  10.63215464    0.          473.          219.            1.        ]
[  -1.19083775    0.          470.          104.            2.        ]
[  -0.56275678    0.          475.          264.            3.        ]
[ -4.63650038e-01   0.00000000e+00   4.75000000e+02   3.13000000e+02
   3.00000000e+00]
[   8.39350816    0.          476.           72.            3.        ]
[  -8.11381172    0.          476.          204.            3.        ]
[ -10.04091924    0.          483.          224.            3.        ]
[  -1.24984485    0.          477.          341.            3.        ]
[ -14.34080535    0.          479.            3.            3.        ]
[  -0.95339311    0.          480.          350.            3.        ]
[  -0.7468992    0.         483.         323.           3.       ]
[  -3.40555462    0.          484.          133.            3.        ]
[   7.26685482    0.          485.          185.            3.        ]
[ -4.36920980e-01   0.00000000e+00   4.86000000e+02   2.64000000e+02
   3.00000000e+00]
[  -4.30580747    0.          488.          109.            3.        ]
[  -0.62086274    0.          489.          274.            3.        ]
[  -0.90538639    0.          462.          350.            3.        ]
[  -5.52960245    0.          489.          459.            3.        ]
[  -4.88878358    0.          422.           41.            3.        ]
[  -0.62119175    0.          486.          318.            3.        ]
[  -1.07636889    0.          492.          339.            3.        ]
[  -7.2065817    0.         493.         121.           3.       ]
[  -1.54892854    0.          481.           73.            3.        ]
[  -2.04526736    0.          494.           96.            3.        ]
[   6.07189692    0.          497.          167.            3.        ]
[  -1.97047803    0.          497.          395.            3.        ]
[  14.42481363    0.          499.           64.            3.        ]
[ -17.50061426    0.          504.           18.            3.        ]
[  1.78545406   1.          18.          52.           1.        ]
[  -1.79549829    1.           30.          159.            1.        ]
[  1.44696738   1.          46.          74.           1.        ]
[  13.39225513    1.           77.          226.            1.        ]
[  -8.33097064    1.           93.          106.            1.        ]
[  12.48943392    1.          102.          209.            1.        ]
[  12.65116097    1.          115.          180.            3.        ]
[  -5.45362647    1.          151.          138.            1.        ]
[   2.00221549    1.          244.          169.            1.        ]
[  15.63858456    1.          234.            1.            1.        ]
[   2.05183503    1.          238.          163.            1.        ]
[  3.87813234   1.          74.          74.           2.        ]
[  2.72609683   1.          91.          77.           2.        ]
[  0.33915591   1.          98.          52.           2.        ]
[   0.59698374    1.          118.          235.            2.        ]
[ -12.87694879    1.            6.          238.            3.        ]
[-23.05000899   1.           8.           8.           3.        ]
[  -7.21284593    1.           44.          141.            3.        ]
[ -15.14775093    1.           57.          245.            3.        ]
[  -4.44970965    1.           63.          111.            3.        ]
[ -15.52912477    1.           64.          199.            3.        ]
[ -9.45543098   1.          80.          16.           3.        ]
[ -9.10754766   1.          88.          63.           3.        ]
[ -8.3883837   1.         80.         18.          3.       ]
[   9.53921411    1.           98.          115.            3.        ]
[  11.73711721    1.          105.          174.            3.        ]
[   7.87262126    1.          105.          110.            1.        ]
[ -10.48647569    1.          144.           34.            3.        ]
[   5.47153871    1.          165.           42.            3.        ]
[  -5.26363671    1.          170.          119.            3.        ]
[  -8.49755684    1.          179.          194.            3.        ]
[  13.13840168    1.          186.          163.            3.        ]
[  -5.25782296    1.          212.          162.            3.        ]
[ -11.93040833    1.          207.          164.            3.        ]
[   4.13012458    1.          212.           98.            3.        ]
[ -11.43342213    1.          218.          221.            3.        ]
[  -4.62252669    1.          234.          118.            3.        ]
[   6.29373954    1.          224.           82.            3.        ]
[  14.14430005    1.          175.          232.            2.        ]
[ -15.36962801    1.          244.            9.            3.        ]
[-12.73585528   2.          13.          11.           2.        ]
[ -6.82283827   2.          76.          59.           1.        ]
[-20.06589487   3.          45.          51.           2.        ]
